-5.999999999999999778e-02 3.154529918658398907e-08 5.000000000000000000e+00
-5.994994994994994747e-02 3.463962426320263438e-08 5.000000000000000000e+00
-5.989989989989989716e-02 3.803744159987997300e-08 5.000000000000000000e+00
-5.984984984984984685e-02 4.176851066675390011e-08 5.000000000000000000e+00
-5.979979979979979654e-02 4.586550758311583792e-08 5.000000000000000000e+00
-5.974974974974974623e-02 5.036431066835550255e-08 5.000000000000000000e+00
-5.969969969969969592e-02 5.530431388806453409e-08 5.000000000000000000e+00
-5.964964964964964561e-02 6.072877090401444198e-08 5.000000000000000000e+00
-5.959959959959959530e-02 6.668517270713192315e-08 5.000000000000000000e+00
-5.954954954954954499e-02 7.322566208601271650e-08 5.000000000000000000e+00
-5.949949949949949468e-02 8.040748850561664752e-08 5.000000000000000000e+00
-5.944944944944944437e-02 8.829350730825090143e-08 5.000000000000000000e+00
-5.939939939939939406e-02 9.695272752235172926e-08 5.000000000000000000e+00
-5.934934934934935069e-02 1.064609129715581870e-07 5.000000000000000000e+00
-5.929929929929930038e-02 1.169012418262729867e-07 5.000000000000000000e+00
-5.924924924924925007e-02 1.283650302136820617e-07 5.000000000000000000e+00
-5.919919919919919976e-02 1.409525260606431446e-07 5.000000000000000000e+00
-5.914914914914914945e-02 1.547737798625728511e-07 5.000000000000000000e+00
-5.909909909909909914e-02 1.699495997751115759e-07 5.000000000000000000e+00
-5.904904904904904883e-02 1.866125990533551408e-07 5.000000000000000000e+00
-5.899899899899899852e-02 2.049083446112971414e-07 5.000000000000000000e+00
-5.894894894894894821e-02 2.249966163088861513e-07 5.000000000000000000e+00
-5.889889889889889790e-02 2.470527874136696399e-07 5.000000000000000000e+00
-5.884884884884884759e-02 2.712693376416236428e-07 5.000000000000000000e+00
-5.879879879879879728e-02 2.978575112124516580e-07 5.000000000000000000e+00
-5.874874874874874697e-02 3.270491334244079082e-07 5.000000000000000000e+00
-5.869869869869869666e-02 3.590986004676870017e-07 5.000000000000000000e+00
-5.864864864864864635e-02 3.942850584582577270e-07 5.000000000000000000e+00
-5.859859859859859604e-02 4.329147890095537752e-07 5.000000000000000000e+00
-5.854854854854854573e-02 4.753238201477962749e-07 5.000000000000000000e+00
-5.849849849849849542e-02 5.218807828849064271e-07 5.000000000000000000e+00
-5.844844844844844511e-02 5.729900354507081558e-07 5.000000000000000000e+00
-5.839839839839839480e-02 6.290950787726873579e-07 5.000000000000000000e+00
-5.834834834834834449e-02 6.906822888420046713e-07 5.000000000000000000e+00
-5.829829829829829418e-02 7.582849931586662030e-07 5.000000000000000000e+00
-5.824824824824824387e-02 8.324879206715339516e-07 5.000000000000000000e+00
-5.819819819819819356e-02 9.139320564081395158e-07 5.000000000000000000e+00
-5.814814814814814325e-02 1.003319934051258291e-06 5.000000000000000000e+00
-5.809809809809809295e-02 1.101421401672119769e-06 5.000000000000000000e+00
-5.804804804804804264e-02 1.209079897727182042e-06 5.000000000000000000e+00
-5.799799799799799926e-02 1.327219276184339373e-06 5.000000000000000000e+00
-5.794794794794794895e-02 1.456851221232682447e-06 5.000000000000000000e+00
-5.789789789789789864e-02 1.599083293355042890e-06 5.000000000000000000e+00
-5.784784784784784833e-02 1.755127649411331232e-06 5.000000000000000000e+00
-5.779779779779779803e-02 1.926310479762464846e-06 5.000000000000000000e+00
-5.774774774774774772e-02 2.114082205215308939e-06 5.000000000000000000e+00
-5.769769769769769741e-02 2.320028475238156737e-06 5.000000000000000000e+00
-5.764764764764764710e-02 2.545882006629928452e-06 5.000000000000000000e+00
-5.759759759759759679e-02 2.793535297967467108e-06 5.000000000000000000e+00
-5.754754754754754648e-02 3.065054249606752194e-06 5.000000000000000000e+00
-5.749749749749749617e-02 3.362692711135066111e-06 5.000000000000000000e+00
-5.744744744744744586e-02 3.688907967691698698e-06 5.000000000000000000e+00
-5.739739739739739555e-02 4.046377162716830300e-06 5.000000000000000000e+00
-5.734734734734734524e-02 4.438014636817490823e-06 5.000000000000000000e+00
-5.729729729729729493e-02 4.866990139906125422e-06 5.000000000000000000e+00
-5.724724724724724462e-02 5.336747845288609428e-06 5.000000000000000000e+00
-5.719719719719719431e-02 5.851026059419830346e-06 5.000000000000000000e+00
-5.714714714714714400e-02 6.413877477794241669e-06 5.000000000000000000e+00
-5.709709709709709369e-02 7.029689785228479843e-06 5.000000000000000000e+00
-5.704704704704704338e-02 7.703206335522910710e-06 5.000000000000000000e+00
-5.699699699699699307e-02 8.439546569987410121e-06 5.000000000000000000e+00
-5.694694694694694276e-02 9.244225744772884259e-06 5.000000000000000000e+00
-5.689689689689689245e-02 1.012317343136445518e-05 5.000000000000000000e+00
-5.684684684684684214e-02 1.108275013179081331e-05 5.000000000000000000e+00
-5.679679679679679183e-02 1.212976120761677116e-05 5.000000000000000000e+00
-5.674674674674674846e-02 1.327146715919545782e-05 5.000000000000000000e+00
-5.669669669669669121e-02 1.451558910698498122e-05 5.000000000000000000e+00
-5.664664664664664784e-02 1.587030812093380568e-05 5.000000000000000000e+00
-5.659659659659659753e-02 1.734425681612013993e-05 5.000000000000000000e+00
-5.654654654654654722e-02 1.894650138728554226e-05 5.000000000000000000e+00
-5.649649649649649691e-02 2.068651199322747901e-05 5.000000000000000000e+00
-5.644644644644644660e-02 2.257411913321879395e-05 5.000000000000000000e+00
-5.639639639639639629e-02 2.461945338944496477e-05 5.000000000000000000e+00
-5.634634634634634598e-02 2.683286565686743980e-05 5.000000000000000000e+00
-5.629629629629629567e-02 2.922482476302620577e-05 5.000000000000000000e+00
-5.624624624624624536e-02 3.180578921876793882e-05 5.000000000000000000e+00
-5.619619619619619505e-02 3.458604976813053184e-05 5.000000000000000000e+00
-5.614614614614614474e-02 3.757553945782975087e-05 5.000000000000000000e+00
-5.609609609609609443e-02 4.078360816892856694e-05 5.000000000000000000e+00
-5.604604604604604412e-02 4.421875899542055912e-05 5.000000000000000000e+00
-5.599599599599599381e-02 4.788834457327804538e-05 5.000000000000000000e+00
-5.594594594594594350e-02 5.179822251666160536e-05 5.000000000000000000e+00
-5.589589589589589319e-02 5.595237056251452717e-05 5.000000000000000000e+00
-5.584584584584584288e-02 6.035246390997249007e-05 5.000000000000000000e+00
-5.579579579579579257e-02 6.499741960178544761e-05 5.000000000000000000e+00
-5.574574574574574226e-02 6.988291563918362084e-05 5.000000000000000000e+00
-5.569569569569569195e-02 7.500089582009622394e-05 5.000000000000000000e+00
-5.564564564564564164e-02 8.033907496964766827e-05 5.000000000000000000e+00
-5.559559559559559133e-02 8.588046314281084343e-05 5.000000000000000000e+00
-5.554554554554554102e-02 9.160293131870146058e-05 5.000000000000000000e+00
-5.549549549549549071e-02 9.747884477171538022e-05 5.000000000000000000e+00
-5.544544544544544040e-02 1.034747933379278007e-04 5.000000000000000000e+00
-5.539539539539539703e-02 1.095514497490474883e-04 5.000000000000000000e+00
-5.534534534534533978e-02 1.156635876251665642e-04 5.000000000000000000e+00
-5.529529529529529641e-02 1.217602891131736275e-04 5.000000000000000000e+00
-5.524524524524524610e-02 1.277853681337137498e-04 5.000000000000000000e+00
-5.519519519519519579e-02 1.336780284601274600e-04 5.000000000000000000e+00
-5.514514514514514548e-02 1.393737663127695152e-04 5.000000000000000000e+00
-5.509509509509509517e-02 1.448055149882164798e-04 5.000000000000000000e+00
-5.504504504504504486e-02 1.499050147457383036e-04 5.000000000000000000e+00
-5.499499499499499455e-02 1.546043755622945057e-04 5.000000000000000000e+00
-5.494494494494494424e-02 1.588377845828357090e-04 5.000000000000000000e+00
-5.489489489489489393e-02 1.625432954916742798e-04 5.000000000000000000e+00
-5.484484484484484362e-02 1.656646250948111095e-04 5.000000000000000000e+00
-5.479479479479479331e-02 1.681528745475185764e-04 5.000000000000000000e+00
-5.474474474474474300e-02 1.699680900732093583e-04 5.000000000000000000e+00
-5.469469469469469269e-02 1.710805814557856959e-04 5.000000000000000000e+00
-5.464464464464464238e-02 1.714719262530051754e-04 5.000000000000000000e+00
-5.459459459459459207e-02 1.711356031362364235e-04 5.000000000000000000e+00
-5.454454454454454176e-02 1.700772179393955663e-04 5.000000000000000000e+00
-5.449449449449449145e-02 1.683143092882191693e-04 5.000000000000000000e+00
-5.444444444444444114e-02 1.658757451026956142e-04 4.000000000000000000e+00
-5.439439439439439083e-02 1.628007447130857947e-04 4.000000000000000000e+00
-5.434434434434434052e-02 1.591375818032010527e-04 4.000000000000000000e+00
-5.429429429429429022e-02 1.549420392570631034e-04 4.000000000000000000e+00
-5.424424424424423991e-02 1.502756971103109713e-04 4.000000000000000000e+00
-5.419419419419418960e-02 1.452041387183758848e-04 4.000000000000000000e+00
-5.414414414414414622e-02 1.397951580986554634e-04 4.000000000000000000e+00
-5.409409409409408898e-02 1.341170439119269953e-04 4.000000000000000000e+00
-5.404404404404404560e-02 1.282370038724740498e-04 4.000000000000000000e+00
-5.399399399399399530e-02 1.222197789261311859e-04 4.000000000000000000e+00
-5.394394394394394499e-02 1.161264807884651443e-04 4.000000000000000000e+00
-5.389389389389389468e-02 1.100136707703403731e-04 4.000000000000000000e+00
-5.384384384384384437e-02 1.039326833879467297e-04 4.000000000000000000e+00
-5.379379379379379406e-02 9.792918590586481640e-05 4.000000000000000000e+00
-5.374374374374374375e-02 9.204295521582273769e-05 4.000000000000000000e+00
-5.369369369369369344e-02 8.630784650039568411e-05 4.000000000000000000e+00
-5.364364364364364313e-02 8.075192391007630650e-05 4.000000000000000000e+00
-5.359359359359359282e-02 7.539772170856135858e-05 4.000000000000000000e+00
-5.354354354354354251e-02 7.026260462098119690e-05 4.000000000000000000e+00
-5.349349349349349220e-02 6.535919797659981746e-05 4.000000000000000000e+00
-5.344344344344344189e-02 6.069586120272140768e-05 4.000000000000000000e+00
-5.339339339339339158e-02 5.627718186000478100e-05 4.000000000000000000e+00
-5.334334334334334127e-02 5.210447133814047511e-05 4.000000000000000000e+00
-5.329329329329329096e-02 4.817624725314552348e-05 4.000000000000000000e+00
-5.324324324324324065e-02 4.448869128958904011e-05 4.000000000000000000e+00
-5.319319319319319034e-02 4.103607456193568464e-05 4.000000000000000000e+00
-5.314314314314314003e-02 3.781114544928620860e-05 4.000000000000000000e+00
-5.309309309309308972e-02 3.480547725545458064e-05 4.000000000000000000e+00
-5.304304304304303941e-02 3.200977496592087416e-05 4.000000000000000000e+00
-5.299299299299298910e-02 2.941414185050288783e-05 4.000000000000000000e+00
-5.294294294294293879e-02 2.700830774084443420e-05 4.000000000000000000e+00
-5.289289289289288848e-02 2.478182155383373727e-05 4.000000000000000000e+00
-5.284284284284283817e-02 2.272421109336556370e-05 4.000000000000000000e+00
-5.279279279279279480e-02 2.082511339973863973e-05 4.000000000000000000e+00
-5.274274274274273755e-02 1.907437897976567453e-05 4.000000000000000000e+00
-5.269269269269269418e-02 1.746215318518638809e-05 4.000000000000000000e+00
-5.264264264264264387e-02 1.597893785195094420e-05 4.000000000000000000e+00
-5.259259259259259356e-02 1.461563609680824217e-05 4.000000000000000000e+00
-5.254254254254254325e-02 1.336358291718578230e-05 4.000000000000000000e+00
-5.249249249249249294e-02 1.221456397298789207e-05 4.000000000000000000e+00
-5.244244244244244263e-02 1.116082465925330915e-05 4.000000000000000000e+00
-5.239239239239239232e-02 1.019507131676758183e-05 4.000000000000000000e+00
-5.234234234234234201e-02 9.310466180396954132e-06 4.000000000000000000e+00
-5.229229229229229170e-02 8.500617435849880897e-06 4.000000000000000000e+00
-5.224224224224224139e-02 7.759565547982287022e-06 4.000000000000000000e+00
-5.219219219219219108e-02 7.081766837561272392e-06 4.000000000000000000e+00
-5.214214214214214077e-02 6.462075119109484502e-06 4.000000000000000000e+00
-5.209209209209209046e-02 5.895722068638729069e-06 4.000000000000000000e+00
-5.204204204204204015e-02 5.378296865665028213e-06 4.000000000000000000e+00
-5.199199199199198984e-02 4.905725547322771138e-06 4.000000000000000000e+00
-5.194194194194193953e-02 4.474250421466233322e-06 4.000000000000000000e+00
-5.189189189189188922e-02 4.080409809357194895e-06 4.000000000000000000e+00
-5.184184184184183891e-02 3.721018324409528160e-06 4.000000000000000000e+00
-5.179179179179178860e-02 3.393147840304664694e-06 4.000000000000000000e+00
-5.174174174174173829e-02 3.094109258256103448e-06 4.000000000000000000e+00
-5.169169169169168798e-02 2.821435147348908027e-06 4.000000000000000000e+00
-5.164164164164163767e-02 2.572863303304007684e-06 4.000000000000000000e+00
-5.159159159159158736e-02 2.346321247846800416e-06 4.000000000000000000e+00
-5.154154154154154399e-02 2.139911672885209178e-06 4.000000000000000000e+00
-5.149149149149148674e-02 1.951898819535092265e-06 4.000000000000000000e+00
-5.144144144144144337e-02 1.780695771373270018e-06 4.000000000000000000e+00
-5.139139139139138612e-02 1.624852633329504198e-06 4.000000000000000000e+00
-5.134134134134134275e-02 1.483045561962044166e-06 4.000000000000000000e+00
-5.129129129129129244e-02 1.354066608979857539e-06 4.000000000000000000e+00
-5.124124124124124213e-02 1.236814337524894437e-06 4.000000000000000000e+00
-5.119119119119119182e-02 1.130285169478234263e-06 4.000000000000000000e+00
-5.114114114114114151e-02 1.033565421817814727e-06 4.000000000000000000e+00
-5.109109109109109120e-02 9.458239904401160989e-07 4.000000000000000000e+00
-5.104104104104104089e-02 8.663056408814922522e-07 4.000000000000000000e+00
-5.099099099099099058e-02 7.943248667456170085e-07 4.000000000000000000e+00
-5.094094094094094027e-02 7.292602783591607724e-07 4.000000000000000000e+00
-5.089089089089088996e-02 6.705494860826053205e-07 4.000000000000000000e+00
-5.084084084084083965e-02 6.176844447430784299e-07 4.000000000000000000e+00
-5.079079079079078934e-02 5.702072278167739870e-07 4.000000000000000000e+00
-5.074074074074073903e-02 5.277062021399027300e-07 4.000000000000000000e+00
-5.069069069069068872e-02 4.898125761283011829e-07 4.000000000000000000e+00
-5.064064064064063841e-02 4.561972966442435258e-07 4.000000000000000000e+00
-5.059059059059058810e-02 4.265682717881744961e-07 4.000000000000000000e+00
-5.054054054054053779e-02 4.006678989765029379e-07 4.000000000000000000e+00
-5.049049049049048749e-02 3.782708796987900822e-07 4.000000000000000000e+00
-5.044044044044043718e-02 3.591823043176831586e-07 4.000000000000000000e+00
-5.039039039039038687e-02 3.432359921962684539e-07 4.000000000000000000e+00
-5.034034034034033656e-02 3.302930742874801852e-07 4.000000000000000000e+00
-5.029029029029029318e-02 3.202408071220456191e-07 4.000000000000000000e+00
-5.024024024024023594e-02 3.129916088844410541e-07 4.000000000000000000e+00
-5.019019019019019257e-02 3.084823099720000375e-07 4.000000000000000000e+00
-5.014014014014013532e-02 3.066736121020918810e-07 4.000000000000000000e+00
-5.009009009009009195e-02 3.075497516715617288e-07 4.000000000000000000e+00
-5.004004004004003470e-02 3.111183646894926977e-07 4.000000000000000000e+00
-4.998998998998999133e-02 3.174105522071076805e-07 4.000000000000000000e+00
-4.993993993993994102e-02 3.264811467662991373e-07 4.000000000000000000e+00
-4.988988988988989071e-02 3.384091819875196790e-07 4.000000000000000000e+00
-4.983983983983984040e-02 3.532985690316517329e-07 4.000000000000000000e+00
-4.978978978978979009e-02 3.712789852955057052e-07 4.000000000000000000e+00
-4.973973973973973978e-02 3.925069823650068486e-07 4.000000000000000000e+00
-4.968968968968968947e-02 4.171673219399763297e-07 4.000000000000000000e+00
-4.963963963963963916e-02 4.454745501776264279e-07 4.000000000000000000e+00
-4.958958958958958885e-02 4.776748226906034687e-07 4.000000000000000000e+00
-4.953953953953953854e-02 5.140479942664269110e-07 4.000000000000000000e+00
-4.948948948948948823e-02 5.549099892695705618e-07 4.000000000000000000e+00
-4.943943943943943792e-02 6.006154706471708840e-07 4.000000000000000000e+00
-4.938938938938938761e-02 6.515608274549006603e-07 4.000000000000000000e+00
-4.933933933933933730e-02 7.081875029107826934e-07 4.000000000000000000e+00
-4.928928928928928699e-02 7.709856870778643197e-07 4.000000000000000000e+00
-4.923923923923923668e-02 8.404984004540905068e-07 4.000000000000000000e+00
-4.918918918918918637e-02 9.173259969139514652e-07 4.000000000000000000e+00
-4.913913913913913606e-02 1.002131116642638510e-06 4.000000000000000000e+00
-4.908908908908908575e-02 1.095644121848978585e-06 4.000000000000000000e+00
-4.903903903903903544e-02 1.198669050128683172e-06 4.000000000000000000e+00
-4.898898898898898513e-02 1.312090122319802012e-06 4.000000000000000000e+00
-4.893893893893894176e-02 1.436878843479341634e-06 4.000000000000000000e+00
-4.888888888888888451e-02 1.574101737112933574e-06 4.000000000000000000e+00
-4.883883883883884114e-02 1.724928753922661559e-06 4.000000000000000000e+00
-4.878878878878878389e-02 1.890642397025625613e-06 4.000000000000000000e+00
-4.873873873873874052e-02 2.072647605503776725e-06 4.000000000000000000e+00
-4.868868868868868327e-02 2.272482437379488949e-06 4.000000000000000000e+00
-4.863863863863863990e-02 2.491829591064422247e-06 4.000000000000000000e+00
-4.858858858858858959e-02 2.732528801117709908e-06 4.000000000000000000e+00
-4.853853853853853928e-02 2.996590139073797900e-06 4.000000000000000000e+00
-4.848848848848848897e-02 3.286208243033673288e-06 4.000000000000000000e+00
-4.843843843843843866e-02 3.603777489995308703e-06 4.000000000000000000e+00
-4.838838838838838835e-02 3.951908112105460693e-06 4.000000000000000000e+00
-4.833833833833833804e-02 4.333443241351447875e-06 4.000000000000000000e+00
-4.828828828828828773e-02 4.751476846039240735e-06 4.000000000000000000e+00
-4.823823823823823742e-02 5.209372495708773782e-06 4.000000000000000000e+00
-4.818818818818818711e-02 5.710782858107732313e-06 4.000000000000000000e+00
-4.813813813813813680e-02 6.259669790856781735e-06 4.000000000000000000e+00
-4.808808808808808649e-02 6.860324841137348081e-06 4.000000000000000000e+00
-4.803803803803803618e-02 7.517389906217768604e-06 4.000000000000000000e+00
-4.798798798798798587e-02 8.235877736052587108e-06 4.000000000000000000e+00
-4.793793793793793556e-02 9.021191873368824166e-06 4.000000000000000000e+00
-4.788788788788788525e-02 9.879145525779104998e-06 4.000000000000000000e+00
-4.783783783783783494e-02 1.081597874635847457e-05 4.000000000000000000e+00
-4.778778778778778463e-02 1.183837316241846040e-05 4.000000000000000000e+00
-4.773773773773773432e-02 1.295346333473343897e-05 4.000000000000000000e+00
-4.768768768768768401e-02 1.416884365160401139e-05 4.000000000000000000e+00
-4.763763763763763370e-02 1.549256946111654049e-05 4.000000000000000000e+00
-4.758758758758759033e-02 1.693315092393144221e-05 4.000000000000000000e+00
-4.753753753753753308e-02 1.849953782719659356e-05 4.000000000000000000e+00
-4.748748748748748971e-02 2.020109334270591493e-05 4.000000000000000000e+00
-4.743743743743743246e-02 2.204755444465852403e-05 4.000000000000000000e+00
-4.738738738738738909e-02 2.404897643283786859e-05 4.000000000000000000e+00
-4.733733733733733878e-02 2.621565874878814241e-05 4.000000000000000000e+00
-4.728728728728728847e-02 2.855804904191335596e-05 4.000000000000000000e+00
-4.723723723723723816e-02 3.108662226338507960e-05 4.000000000000000000e+00
-4.718718718718718785e-02 3.381173146465895604e-05 4.000000000000000000e+00
-4.713713713713713754e-02 3.674342699231911044e-05 4.000000000000000000e+00
-4.708708708708708723e-02 3.989124094185318785e-05 4.000000000000000000e+00
-4.703703703703703692e-02 4.326393410990828195e-05 4.000000000000000000e+00
-4.698698698698698661e-02 4.686920332335164615e-05 4.000000000000000000e+00
-4.693693693693693630e-02 5.071334797905891872e-05 4.000000000000000000e+00
-4.688688688688688599e-02 5.480089596209193641e-05 4.000000000000000000e+00
-4.683683683683683568e-02 5.913419087108672434e-05 4.000000000000000000e+00
-4.678678678678678537e-02 6.371294470939362867e-05 4.000000000000000000e+00
-4.673673673673673507e-02 6.853376291378000449e-05 4.000000000000000000e+00
-4.668668668668668476e-02 7.358965177511913561e-05 4.000000000000000000e+00
-4.663663663663663445e-02 7.886952188917275349e-05 4.000000000000000000e+00
-4.658658658658658414e-02 8.435770514473670142e-05 4.000000000000000000e+00
-4.653653653653653383e-02 9.003350671122781017e-05 4.000000000000000000e+00
-4.648648648648648352e-02 9.587081726314263354e-05 4.000000000000000000e+00
-4.643643643643643321e-02 1.018378139225290191e-04 4.000000000000000000e+00
-4.638638638638638290e-02 1.078967806948743054e-04 4.000000000000000000e+00
-4.633633633633633953e-02 1.140040800553078298e-04 4.000000000000000000e+00
-4.628628628628628228e-02 1.201103063319400527e-04 4.000000000000000000e+00
-4.623623623623623891e-02 1.261606482005760035e-04 4.000000000000000000e+00
-4.618618618618618166e-02 1.320954816208422895e-04 4.000000000000000000e+00
-4.613613613613613829e-02 1.378512057581054106e-04 4.000000000000000000e+00
-4.608608608608608104e-02 1.433613229510209859e-04 4.000000000000000000e+00
-4.603603603603603767e-02 1.485577499955177650e-04 4.000000000000000000e+00
-4.598598598598598736e-02 1.533723326646478169e-04 4.000000000000000000e+00
-4.593593593593593705e-02 1.577385195183880664e-04 4.000000000000000000e+00
-4.588588588588588674e-02 1.615931359899988259e-04 4.000000000000000000e+00
-4.583583583583583643e-02 1.648781869321327260e-04 4.000000000000000000e+00
-4.578578578578578612e-02 1.675426067111384851e-04 3.000000000000000000e+00
-4.573573573573573581e-02 1.695438718256745867e-04 3.000000000000000000e+00
-4.568568568568568550e-02 1.708493927802851747e-04 3.000000000000000000e+00
-4.563563563563563519e-02 1.714376099352536492e-04 3.000000000000000000e+00
-4.558558558558558488e-02 1.712987320207483646e-04 3.000000000000000000e+00
-4.553553553553553457e-02 1.704350750377949919e-04 3.000000000000000000e+00
-4.548548548548548426e-02 1.688609818981122218e-04 3.000000000000000000e+00
-4.543543543543543395e-02 1.666023274747033213e-04 3.000000000000000000e+00
-4.538538538538538364e-02 1.636956376550139931e-04 3.000000000000000000e+00
-4.533533533533533333e-02 1.601868724496353642e-04 3.000000000000000000e+00
-4.528528528528528302e-02 1.561299404578572021e-04 3.000000000000000000e+00
-4.523523523523523271e-02 1.515850237503647726e-04 3.000000000000000000e+00
-4.518518518518518240e-02 1.466167978365362512e-04 3.000000000000000000e+00
-4.513513513513513209e-02 1.412926308254561908e-04 3.000000000000000000e+00
-4.508508508508508178e-02 1.356808397482699190e-04 3.000000000000000000e+00
-4.503503503503503147e-02 1.298490713351189334e-04 3.000000000000000000e+00
-4.498498498498498810e-02 1.238628606984591739e-04 3.000000000000000000e+00
-4.493493493493493085e-02 1.177844058343752837e-04 3.000000000000000000e+00
-4.488488488488488748e-02 1.116715800424464695e-04 3.000000000000000000e+00
-4.483483483483483023e-02 1.055771895010157864e-04 3.000000000000000000e+00
-4.478478478478478686e-02 9.954847025650148033e-05 3.000000000000000000e+00
-4.473473473473472961e-02 9.362680840088922650e-05 3.000000000000000000e+00
-4.468468468468468624e-02 8.784765949716772011e-05 3.000000000000000000e+00
-4.463463463463463593e-02 8.224063836925883349e-05 3.000000000000000000e+00
-4.458458458458458562e-02 7.682974797221197823e-05 3.000000000000000000e+00
-4.453453453453453531e-02 7.163371582426124502e-05 3.000000000000000000e+00
-4.448448448448448500e-02 6.666640795981042570e-05 3.000000000000000000e+00
-4.443443443443443469e-02 6.193729307183562581e-05 3.000000000000000000e+00
-4.438438438438438438e-02 5.745193300425588813e-05 3.000000000000000000e+00
-4.433433433433433407e-02 5.321247963592468463e-05 3.000000000000000000e+00
-4.428428428428428376e-02 4.921816214785499336e-05 3.000000000000000000e+00
-4.423423423423423345e-02 4.546575244322615409e-05 3.000000000000000000e+00
-4.418418418418418314e-02 4.194999993301372397e-05 3.000000000000000000e+00
-4.413413413413413283e-02 3.866402990687211884e-05 3.000000000000000000e+00
-4.408408408408408252e-02 3.559970223811818960e-05 3.000000000000000000e+00
-4.403403403403403221e-02 3.274792921964083856e-05 3.000000000000000000e+00
-4.398398398398398190e-02 3.009895291932887932e-05 3.000000000000000000e+00
-4.393393393393393159e-02 2.764258362716030633e-05 3.000000000000000000e+00
-4.388388388388388128e-02 2.536840179382190922e-05 3.000000000000000000e+00
-4.383383383383383791e-02 2.326592639235092099e-05 3.000000000000000000e+00
-4.378378378378378066e-02 2.132475292719472734e-05 3.000000000000000000e+00
-4.373373373373373729e-02 1.953466442057897288e-05 3.000000000000000000e+00
-4.368368368368368004e-02 1.788571867209019428e-05 3.000000000000000000e+00
-4.363363363363363667e-02 1.636831495327306985e-05 3.000000000000000000e+00
-4.358358358358357942e-02 1.497324309635120242e-05 3.000000000000000000e+00
-4.353353353353353605e-02 1.369171769373588215e-05 3.000000000000000000e+00
-4.348348348348347880e-02 1.251539985978573410e-05 3.000000000000000000e+00
-4.343343343343343543e-02 1.143640873671510823e-05 3.000000000000000000e+00
-4.338338338338337818e-02 1.044732466149981413e-05 3.000000000000000000e+00
-4.333333333333333481e-02 9.541185658868396474e-06 3.000000000000000000e+00
-4.328328328328327756e-02 8.711478691117877592e-06 3.000000000000000000e+00
-4.323323323323323419e-02 7.952126882057760404e-06 3.000000000000000000e+00
-4.318318318318318388e-02 7.257473740139218763e-06 3.000000000000000000e+00
-4.313313313313313357e-02 6.622265235954689451e-06 3.000000000000000000e+00
-4.308308308308308326e-02 6.041630439606151898e-06 3.000000000000000000e+00
-4.303303303303303295e-02 5.511061294400549221e-06 3.000000000000000000e+00
-4.298298298298298264e-02 5.026391991531785199e-06 3.000000000000000000e+00
-4.293293293293293234e-02 4.583778315911661836e-06 3.000000000000000000e+00
-4.288288288288288203e-02 4.179677252795679080e-06 3.000000000000000000e+00
-4.283283283283283172e-02 3.810827077772314341e-06 3.000000000000000000e+00
-4.278278278278278141e-02 3.474228096713869604e-06 3.000000000000000000e+00
-4.273273273273273110e-02 3.167124156030654216e-06 3.000000000000000000e+00
-4.268268268268268079e-02 2.886985006043808209e-06 3.000000000000000000e+00
-4.263263263263263048e-02 2.631489569551733848e-06 3.000000000000000000e+00
-4.258258258258258711e-02 2.398510143255001430e-06 3.000000000000000000e+00
-4.253253253253252986e-02 2.186097540346096489e-06 3.000000000000000000e+00
-4.248248248248248649e-02 1.992467167342498613e-06 3.000000000000000000e+00
-4.243243243243242924e-02 1.815986016718654038e-06 3.000000000000000000e+00
-4.238238238238238587e-02 1.655160548238116084e-06 3.000000000000000000e+00
-4.233233233233232862e-02 1.508625425442331674e-06 3.000000000000000000e+00
-4.228228228228228525e-02 1.375133069560684957e-06 3.000000000000000000e+00
-4.223223223223222800e-02 1.253543990212802054e-06 3.000000000000000000e+00
-4.218218218218218463e-02 1.142817850667126797e-06 3.000000000000000000e+00
-4.213213213213212738e-02 1.042005224954566782e-06 3.000000000000000000e+00
-4.208208208208208401e-02 9.502400042104527262e-07 3.000000000000000000e+00
-4.203203203203202676e-02 8.667324104639534428e-07 3.000000000000000000e+00
-4.198198198198198339e-02 7.907625772305256273e-07 3.000000000000000000e+00
-4.193193193193192614e-02 7.216746578684739801e-07 3.000000000000000000e+00
-4.188188188188188277e-02 6.588714243510628109e-07 3.000000000000000000e+00
-4.183183183183183246e-02 6.018093210463014006e-07 3.000000000000000000e+00
-4.178178178178178215e-02 5.499939400339290318e-07 3.000000000000000000e+00
-4.173173173173173184e-02 5.029758866226832218e-07 3.000000000000000000e+00
-4.168168168168168153e-02 4.603470056310873545e-07 3.000000000000000000e+00
-4.163163163163163122e-02 4.217369410828688704e-07 3.000000000000000000e+00
-4.158158158158158091e-02 3.868100039044661404e-07 3.000000000000000000e+00
-4.153153153153153060e-02 3.552623241402243250e-07 3.000000000000000000e+00
-4.148148148148148029e-02 3.268192659506002397e-07 3.000000000000000000e+00
-4.143143143143142998e-02 3.012330854999048947e-07 3.000000000000000000e+00
-4.138138138138137967e-02 2.782808134320446251e-07 3.000000000000000000e+00
-4.133133133133132936e-02 2.577623452710848840e-07 3.000000000000000000e+00
-4.128128128128127905e-02 2.394987245436430278e-07 3.000000000000000000e+00
-4.123123123123123568e-02 2.233306048849314208e-07 3.000000000000000000e+00
-4.118118118118117843e-02 2.091168786860666307e-07 3.000000000000000000e+00
-4.113113113113113506e-02 1.967334611705254639e-07 3.000000000000000000e+00
-4.108108108108107781e-02 1.860722199523639564e-07 3.000000000000000000e+00
-4.103103103103103444e-02 1.770400412966373891e-07 3.000000000000000000e+00
-4.098098098098097719e-02 1.695580253856271811e-07 3.000000000000000000e+00
-4.093093093093093382e-02 1.635608039364629420e-07 3.000000000000000000e+00
-4.088088088088087657e-02 1.589959744995645092e-07 3.000000000000000000e+00
-4.083083083083083320e-02 1.558236467492766292e-07 3.000000000000000000e+00
-4.078078078078077595e-02 1.540160969636224780e-07 3.000000000000000000e+00
-4.073073073073073258e-02 1.535575278260887696e-07 3.000000000000000000e+00
-4.068068068068067533e-02 1.544439315300971116e-07 3.000000000000000000e+00
-4.063063063063063196e-02 1.566830550448623475e-07 3.000000000000000000e+00
-4.058058058058058165e-02 1.602944672544539574e-07 3.000000000000000000e+00
-4.053053053053053134e-02 1.653097285251365866e-07 3.000000000000000000e+00
-4.048048048048048103e-02 1.717726641289084465e-07 3.000000000000000000e+00
-4.043043043043043072e-02 1.797397437962612242e-07 3.000000000000000000e+00
-4.038038038038038041e-02 1.892805705820565183e-07 3.000000000000000000e+00
-4.033033033033033010e-02 2.004784830908422276e-07 3.000000000000000000e+00
-4.028028028028027979e-02 2.134312761062817725e-07 3.000000000000000000e+00
-4.023023023023022948e-02 2.282520455543286181e-07 3.000000000000000000e+00
-4.018018018018017917e-02 2.450701648202325827e-07 3.000000000000000000e+00
-4.013013013013012886e-02 2.640324004321630785e-07 3.000000000000000000e+00
-4.008008008008007855e-02 2.853041762575685329e-07 3.000000000000000000e+00
-4.003003003003002824e-02 3.090709965293561660e-07 3.000000000000000000e+00
-3.997997997997997793e-02 3.355400392364404409e-07 3.000000000000000000e+00
-3.992992992992992762e-02 3.649419327007495677e-07 3.000000000000000000e+00
-3.987987987987988425e-02 3.975327295615138504e-07 3.000000000000000000e+00
-3.982982982982982700e-02 4.335960938089914603e-07 3.000000000000000000e+00
-3.977977977977978363e-02 4.734457180488518039e-07 3.000000000000000000e+00
-3.972972972972972638e-02 5.174279898058407880e-07 3.000000000000000000e+00
-3.967967967967968301e-02 5.659249273059694302e-07 3.000000000000000000e+00
-3.962962962962962576e-02 6.193574070677252862e-07 3.000000000000000000e+00
-3.957957957957958239e-02 6.781887073197082794e-07 3.000000000000000000e+00
-3.952952952952952514e-02 7.429283933776444415e-07 3.000000000000000000e+00
-3.947947947947948177e-02 8.141365728633184946e-07 3.000000000000000000e+00
-3.942942942942942453e-02 8.924285509047889863e-07 3.000000000000000000e+00
-3.937937937937938115e-02 9.784799172490731361e-07 3.000000000000000000e+00
-3.932932932932932391e-02 1.073032099495026818e-06 3.000000000000000000e+00
-3.927927927927928053e-02 1.176898418343498636e-06 3.000000000000000000e+00
-3.922922922922923022e-02 1.290970682891018267e-06 3.000000000000000000e+00
-3.917917917917917991e-02 1.416226365466302350e-06 3.000000000000000000e+00
-3.912912912912912961e-02 1.553736397088833687e-06 3.000000000000000000e+00
-3.907907907907907930e-02 1.704673625658506811e-06 3.000000000000000000e+00
-3.902902902902902899e-02 1.870321979577061644e-06 3.000000000000000000e+00
-3.897897897897897868e-02 2.052086379460729220e-06 3.000000000000000000e+00
-3.892892892892892837e-02 2.251503439781832843e-06 3.000000000000000000e+00
-3.887887887887887806e-02 2.470253000305425322e-06 3.000000000000000000e+00
-3.882882882882882775e-02 2.710170523886394376e-06 3.000000000000000000e+00
-3.877877877877877744e-02 2.973260392395574844e-06 3.000000000000000000e+00
-3.872872872872872713e-02 3.261710125349434792e-06 3.000000000000000000e+00
-3.867867867867867682e-02 3.577905536406051760e-06 3.000000000000000000e+00
-3.862862862862863345e-02 3.924446830238364291e-06 3.000000000000000000e+00
-3.857857857857857620e-02 4.304165625733321678e-06 3.000000000000000000e+00
-3.852852852852853283e-02 4.720142870834190870e-06 3.000000000000000000e+00
-3.847847847847847558e-02 5.175727587747681561e-06 3.000000000000000000e+00
-3.842842842842843221e-02 5.674556354685070634e-06 3.000000000000000000e+00
-3.837837837837837496e-02 6.220573390056217184e-06 3.000000000000000000e+00
-3.832832832832833159e-02 6.818051055822408857e-06 3.000000000000000000e+00
-3.827827827827827434e-02 7.471610537461122370e-06 3.000000000000000000e+00
-3.822822822822823097e-02 8.186242386761833172e-06 3.000000000000000000e+00
-3.817817817817817372e-02 8.967326528926304412e-06 3.000000000000000000e+00
-3.812812812812813035e-02 9.820651235675773979e-06 3.000000000000000000e+00
-3.807807807807807310e-02 1.075243044888416102e-05 3.000000000000000000e+00
-3.802802802802802973e-02 1.176931870386481290e-05 3.000000000000000000e+00
-3.797797797797797942e-02 1.287842274552991487e-05 3.000000000000000000e+00
-3.792792792792792911e-02 1.408730875349033687e-05 3.000000000000000000e+00
-3.787787787787787880e-02 1.540400389343754404e-05 3.000000000000000000e+00
-3.782782782782782849e-02 1.683699069145488646e-05 3.000000000000000000e+00
-3.777777777777777818e-02 1.839519248817452811e-05 3.000000000000000000e+00
-3.772772772772772787e-02 2.008794797251561303e-05 3.000000000000000000e+00
-3.767767767767767756e-02 2.192497252769187103e-05 3.000000000000000000e+00
-3.762762762762762725e-02 2.391630385238781322e-05 3.000000000000000000e+00
-3.757757757757757694e-02 2.607222906030170210e-05 3.000000000000000000e+00
-3.752752752752752663e-02 2.840319022877842744e-05 3.000000000000000000e+00
-3.747747747747747632e-02 3.091966518351123202e-05 3.000000000000000000e+00
-3.742742742742742601e-02 3.363202019989439579e-05 3.000000000000000000e+00
-3.737737737737737570e-02 3.655033130732581278e-05 3.000000000000000000e+00
-3.732732732732732539e-02 3.968417104273346538e-05 3.000000000000000000e+00
-3.727727727727728202e-02 4.304235786214136091e-05 3.000000000000000000e+00
-3.722722722722722477e-02 4.663266603849381743e-05 3.000000000000000000e+00
-3.717717717717718140e-02 5.046149480893390827e-05 3.000000000000000000e+00
-3.712712712712712415e-02 5.453349684174024965e-05 3.000000000000000000e+00
-3.707707707707708078e-02 5.885116782642985979e-05 3.000000000000000000e+00
-3.702702702702702353e-02 6.341440118916126458e-05 3.000000000000000000e+00
-3.697697697697698016e-02 6.822001461907052872e-05 3.000000000000000000e+00
-3.692692692692692291e-02 7.326125824348769919e-05 3.000000000000000000e+00
-3.687687687687687954e-02 7.852731785359887151e-05 3.000000000000000000e+00
-3.682682682682682229e-02 8.400283043581234629e-05 3.000000000000000000e+00
-3.677677677677677892e-02 8.966743322200272594e-05 3.000000000000000000e+00
-3.672672672672672167e-02 9.549537126777297405e-05 3.000000000000000000e+00
-3.667667667667667830e-02 1.014551918569281007e-04 3.000000000000000000e+00
-3.662662662662662799e-02 1.075095563989338608e-04 3.000000000000000000e+00
-3.657657657657657768e-02 1.136152014716421604e-04 3.000000000000000000e+00
-3.652652652652652737e-02 1.197230797849236955e-04 3.000000000000000000e+00
-3.647647647647647706e-02 1.257787086684164035e-04 3.000000000000000000e+00
-3.642642642642642675e-02 1.317227478752486789e-04 3.000000000000000000e+00
-3.637637637637637644e-02 1.374918198899940610e-04 3.000000000000000000e+00
-3.632632632632632613e-02 1.430195746025546180e-04 3.000000000000000000e+00
-3.627627627627627582e-02 1.482379865546094736e-04 3.000000000000000000e+00
-3.622622622622622551e-02 1.530788576790305671e-04 3.000000000000000000e+00
-3.617617617617617520e-02 1.574754825885365346e-04 3.000000000000000000e+00
-3.612612612612612489e-02 1.613644183054397611e-04 3.000000000000000000e+00
-3.607607607607607458e-02 1.646872873342303603e-04 3.000000000000000000e+00
-3.602602602602602427e-02 1.673925336074764145e-04 3.000000000000000000e+00
-3.597597597597597396e-02 1.694370463755091839e-04 3.000000000000000000e+00
-3.592592592592593059e-02 1.707875684719781662e-04 3.000000000000000000e+00
-3.587587587587587334e-02 1.714218129879431312e-04 3.000000000000000000e+00
-3.582582582582582997e-02 1.713292259870882674e-04 3.000000000000000000e+00
-3.577577577577577272e-02 1.705113516529468954e-04 3.000000000000000000e+00
-3.572572572572572935e-02 1.689817787059066012e-04 3.000000000000000000e+00
-3.567567567567567210e-02 1.667656712078791059e-04 3.000000000000000000e+00
-3.562562562562562873e-02 1.638989108766899063e-04 2.000000000000000000e+00
-3.557557557557557149e-02 1.604268997072464743e-04 2.000000000000000000e+00
-3.552552552552552811e-02 1.564030892586729083e-04 2.000000000000000000e+00
-3.547547547547547087e-02 1.518873150976463710e-04 2.000000000000000000e+00
-3.542542542542542749e-02 1.469440208967327029e-04 2.000000000000000000e+00
-3.537537537537537025e-02 1.416404565070701344e-04 2.000000000000000000e+00
-3.532532532532532688e-02 1.360449285113269756e-04 2.000000000000000000e+00
-3.527527527527527657e-02 1.302251713389497632e-04 2.000000000000000000e+00
-3.522522522522522626e-02 1.242468933411270413e-04 2.000000000000000000e+00
-3.517517517517517595e-02 1.181725367483164673e-04 2.000000000000000000e+00
-3.512512512512512564e-02 1.120602745991100736e-04 2.000000000000000000e+00
-3.507507507507507533e-02 1.059632527739587621e-04 2.000000000000000000e+00
-3.502502502502502502e-02 9.992907214935747731e-05 2.000000000000000000e+00
-3.497497497497497471e-02 9.399949523074000780e-05 2.000000000000000000e+00
-3.492492492492492440e-02 8.821035373167766781e-05 2.000000000000000000e+00
-3.487487487487487409e-02 8.259162845065586369e-05 2.000000000000000000e+00
-3.482482482482482378e-02 7.716767024461912503e-05 2.000000000000000000e+00
-3.477477477477477347e-02 7.195753054047909151e-05 2.000000000000000000e+00
-3.472472472472472316e-02 6.697537120775675474e-05 2.000000000000000000e+00
-3.467467467467467979e-02 6.223092626032964564e-05 2.000000000000000000e+00
-3.462462462462462254e-02 5.772999131106681893e-05 2.000000000000000000e+00
-3.457457457457457917e-02 5.347492056890126286e-05 2.000000000000000000e+00
-3.452452452452452192e-02 4.946511512180703374e-05 2.000000000000000000e+00
-3.447447447447447855e-02 4.569749004384873417e-05 2.000000000000000000e+00
-3.442442442442442130e-02 4.216691133211256673e-05 2.000000000000000000e+00
-3.437437437437437793e-02 3.886659671619978481e-05 2.000000000000000000e+00
-3.432432432432432068e-02 3.578847694297227530e-05 2.000000000000000000e+00
-3.427427427427427731e-02 3.292351621674168526e-05 2.000000000000000000e+00
-3.422422422422422006e-02 3.026199209539069980e-05 2.000000000000000000e+00
-3.417417417417417669e-02 2.779373635039846495e-05 2.000000000000000000e+00
-3.412412412412411944e-02 2.550833914728893397e-05 2.000000000000000000e+00
-3.407407407407407607e-02 2.339531945234766733e-05 2.000000000000000000e+00
-3.402402402402402576e-02 2.144426487710758948e-05 2.000000000000000000e+00
-3.397397397397397545e-02 1.964494428860220684e-05 2.000000000000000000e+00
-3.392392392392392514e-02 1.798739648695803079e-05 2.000000000000000000e+00
-3.387387387387387483e-02 1.646199812279081269e-05 2.000000000000000000e+00
-3.382382382382382452e-02 1.505951382820839653e-05 2.000000000000000000e+00
-3.377377377377377421e-02 1.377113129415238671e-05 2.000000000000000000e+00
-3.372372372372372390e-02 1.258848376281572578e-05 2.000000000000000000e+00
-3.367367367367367359e-02 1.150366213428550234e-05 2.000000000000000000e+00
-3.362362362362362328e-02 1.050921862079587332e-05 2.000000000000000000e+00
-3.357357357357357297e-02 9.598163629189903042e-06 2.000000000000000000e+00
-3.352352352352352266e-02 8.763957316932793372e-06 2.000000000000000000e+00
-3.347347347347347235e-02 8.000497051790580203e-06 2.000000000000000000e+00
-3.342342342342342204e-02 7.302101812101727964e-06 2.000000000000000000e+00
-3.337337337337337173e-02 6.663494392956379618e-06 2.000000000000000000e+00
-3.332332332332332836e-02 6.079782132938296289e-06 2.000000000000000000e+00
-3.327327327327327111e-02 5.546436745586019478e-06 2.000000000000000000e+00
-3.322322322322322774e-02 5.059273727079894774e-06 2.000000000000000000e+00
-3.317317317317317049e-02 4.614431715956064069e-06 2.000000000000000000e+00
-3.312312312312312712e-02 4.208352099443713344e-06 2.000000000000000000e+00
-3.307307307307306987e-02 3.837759093124569397e-06 2.000000000000000000e+00
-3.302302302302302650e-02 3.499640463929179315e-06 2.000000000000000000e+00
-3.297297297297296925e-02 3.191229019817915300e-06 2.000000000000000000e+00
-3.292292292292292588e-02 2.909984951329762025e-06 2.000000000000000000e+00
-3.287287287287286863e-02 2.653579079160456750e-06 2.000000000000000000e+00
-3.282282282282282526e-02 2.419877037179816134e-06 2.000000000000000000e+00
-3.277277277277276801e-02 2.206924400592106515e-06 2.000000000000000000e+00
-3.272272272272272464e-02 2.012932753626505319e-06 2.000000000000000000e+00
-3.267267267267267433e-02 1.836266679380354257e-06 2.000000000000000000e+00
-3.262262262262262402e-02 1.675431645604775807e-06 2.000000000000000000e+00
-3.257257257257257371e-02 1.529062753867849195e-06 2.000000000000000000e+00
-3.252252252252252340e-02 1.395914315070105310e-06 2.000000000000000000e+00
-3.247247247247247309e-02 1.274850211468648277e-06 2.000000000000000000e+00
-3.242242242242242278e-02 1.164835003777208923e-06 2.000000000000000000e+00
-3.237237237237237247e-02 1.064925741368746744e-06 2.000000000000000000e+00
-3.232232232232232216e-02 9.742644337783336821e-07 2.000000000000000000e+00
-3.227227227227227185e-02 8.920711425649423158e-07 2.000000000000000000e+00
-3.222222222222222154e-02 8.176376538267989358e-07 2.000000000000000000e+00
-3.217217217217217123e-02 7.503216932987793959e-07 2.000000000000000000e+00
-3.212212212212212092e-02 6.895416477963242723e-07 2.000000000000000000e+00
-3.207207207207207755e-02 6.347717587815789893e-07 2.000000000000000000e+00
-3.202202202202202030e-02 5.855377559485169142e-07 2.000000000000000000e+00
-3.197197197197197693e-02 5.414129008772254500e-07 2.000000000000000000e+00
-3.192192192192191968e-02 5.020144130115831761e-07 2.000000000000000000e+00
-3.187187187187187631e-02 4.670002523653538979e-07 2.000000000000000000e+00
-3.182182182182181907e-02 4.360662355393301907e-07 2.000000000000000000e+00
-3.177177177177177569e-02 4.089434636989001427e-07 2.000000000000000000e+00
-3.172172172172171845e-02 3.853960432505378827e-07 2.000000000000000000e+00
-3.167167167167167507e-02 3.652190819111781027e-07 2.000000000000000000e+00
-3.162162162162161783e-02 3.482369448293630777e-07 2.000000000000000000e+00
-3.157157157157157445e-02 3.343017572727588398e-07 2.000000000000000000e+00
-3.152152152152151721e-02 3.232921422224299185e-07 2.000000000000000000e+00
-3.147147147147147384e-02 3.151121829845133244e-07 2.000000000000000000e+00
-3.142142142142141659e-02 3.096906026407927884e-07 2.000000000000000000e+00
-3.137137137137137322e-02 3.069801538570138400e-07 2.000000000000000000e+00
-3.132132132132132291e-02 3.069572141965525089e-07 2.000000000000000000e+00
-3.127127127127127260e-02 3.096215837274970248e-07 2.000000000000000000e+00
-3.122122122122122229e-02 3.149964833103714029e-07 2.000000000000000000e+00
-3.117117117117117198e-02 3.231287535513555947e-07 2.000000000000000000e+00
-3.112112112112112167e-02 3.340892560035268304e-07 2.000000000000000000e+00
-3.107107107107107136e-02 3.479734798151250894e-07 2.000000000000000000e+00
-3.102102102102102105e-02 3.649023586273958969e-07 2.000000000000000000e+00
-3.097097097097097074e-02 3.850233041955681652e-07 2.000000000000000000e+00
-3.092092092092092043e-02 4.085114648667242531e-07 2.000000000000000000e+00
-3.087087087087087012e-02 4.355712187843648968e-07 2.000000000000000000e+00
-3.082082082082081981e-02 4.664379134464167898e-07 2.000000000000000000e+00
-3.077077077077076950e-02 5.013798650589137821e-07 2.000000000000000000e+00
-3.072072072072072266e-02 5.407006330209882433e-07 2.000000000000000000e+00
-3.067067067067067235e-02 5.847415867787188563e-07 2.000000000000000000e+00
-3.062062062062062204e-02 6.338847843070006847e-07 2.000000000000000000e+00
-3.057057057057057173e-02 6.885561835097406594e-07 2.000000000000000000e+00
-3.052052052052052142e-02 7.492292099385073527e-07 2.000000000000000000e+00
-3.047047047047047111e-02 8.164287063696723661e-07 2.000000000000000000e+00
-3.042042042042042080e-02 8.907352919689507522e-07 2.000000000000000000e+00
-3.037037037037037049e-02 9.727901609345643947e-07 2.000000000000000000e+00
-3.032032032032032018e-02 1.063300352700997749e-06 2.000000000000000000e+00
-3.027027027027026987e-02 1.163044527886942361e-06 2.000000000000000000e+00
-3.022022022022021956e-02 1.272879286186349317e-06 2.000000000000000000e+00
-3.017017017017016925e-02 1.393746064254176918e-06 2.000000000000000000e+00
-3.012012012012011894e-02 1.526678653247856551e-06 2.000000000000000000e+00
-3.007007007007007210e-02 1.672811376980755809e-06 2.000000000000000000e+00
-3.002002002002002179e-02 1.833387972441207693e-06 2.000000000000000000e+00
-2.996996996996997148e-02 2.009771214674568343e-06 2.000000000000000000e+00
-2.991991991991992117e-02 2.203453327491555612e-06 2.000000000000000000e+00
-2.986986986986987086e-02 2.416067219845732148e-06 2.000000000000000000e+00
-2.981981981981982055e-02 2.649398585005993019e-06 2.000000000000000000e+00
-2.976976976976977024e-02 2.905398895147950899e-06 2.000000000000000000e+00
-2.971971971971971993e-02 3.186199317726782691e-06 2.000000000000000000e+00
-2.966966966966966962e-02 3.494125571162468373e-06 2.000000000000000000e+00
-2.961961961961961931e-02 3.831713725706737832e-06 2.000000000000000000e+00
-2.956956956956956900e-02 4.201726940044867165e-06 2.000000000000000000e+00
-2.951951951951951869e-02 4.607173104642774728e-06 2.000000000000000000e+00
-2.946946946946946838e-02 5.051323338107617213e-06 2.000000000000000000e+00
-2.941941941941942154e-02 5.537731252012085267e-06 2.000000000000000000e+00
-2.936936936936937123e-02 6.070252861517114599e-06 2.000000000000000000e+00
-2.931931931931932092e-02 6.653066972661938386e-06 2.000000000000000000e+00
-2.926926926926927061e-02 7.290695820708122940e-06 2.000000000000000000e+00
-2.921921921921922030e-02 7.988025666159273683e-06 2.000000000000000000e+00
-2.916916916916916999e-02 8.750326974253664887e-06 2.000000000000000000e+00
-2.911911911911911968e-02 9.583273708034743731e-06 2.000000000000000000e+00
-2.906906906906906937e-02 1.049296115311524155e-05 2.000000000000000000e+00
-2.901901901901901906e-02 1.148592156172786153e-05 2.000000000000000000e+00
-2.896896896896896875e-02 1.256913675349784477e-05 2.000000000000000000e+00
-2.891891891891891844e-02 1.375004663929914657e-05 2.000000000000000000e+00
-2.886886886886886813e-02 1.503655244126541345e-05 2.000000000000000000e+00
-2.881881881881881782e-02 1.643701316780706690e-05 2.000000000000000000e+00
-2.876876876876877098e-02 1.796023366697061034e-05 2.000000000000000000e+00
-2.871871871871872067e-02 1.961544232924878456e-05 2.000000000000000000e+00
-2.866866866866867036e-02 2.141225624542265118e-05 2.000000000000000000e+00
-2.861861861861862005e-02 2.336063135514718206e-05 2.000000000000000000e+00
-2.856856856856856974e-02 2.547079485797260518e-05 2.000000000000000000e+00
-2.851851851851851943e-02 2.775315691688570814e-05 2.000000000000000000e+00
-2.846846846846846912e-02 3.021819848469097455e-05 2.000000000000000000e+00
-2.841841841841841881e-02 3.287633195320631858e-05 2.000000000000000000e+00
-2.836836836836836850e-02 3.573773129666254925e-05 2.000000000000000000e+00
-2.831831831831831819e-02 3.881212849424846528e-05 2.000000000000000000e+00
-2.826826826826826788e-02 4.210857331890516513e-05 2.000000000000000000e+00
-2.821821821821821757e-02 4.563515412418003831e-05 2.000000000000000000e+00
-2.816816816816816726e-02 4.939867810375685875e-05 2.000000000000000000e+00
-2.811811811811811695e-02 5.340431069914941108e-05 2.000000000000000000e+00
-2.806806806806806665e-02 5.765517544399764369e-05 2.000000000000000000e+00
-2.801801801801801634e-02 6.215191760272556888e-05 2.000000000000000000e+00
-2.796796796796796603e-02 6.689223751299299304e-05 2.000000000000000000e+00
-2.791791791791791572e-02 7.187040257050208167e-05 2.000000000000000000e+00
-2.786786786786786541e-02 7.707675025552712981e-05 2.000000000000000000e+00
-2.781781781781781510e-02 8.249719839076329660e-05 2.000000000000000000e+00
-2.776776776776777172e-02 8.811278277332386085e-05 2.000000000000000000e+00
-2.771771771771772142e-02 9.389924619381629983e-05 2.000000000000000000e+00
-2.766766766766767111e-02 9.982670632037050754e-05 2.000000000000000000e+00
-2.761761761761762080e-02 1.058594325889693427e-04 2.000000000000000000e+00
-2.756756756756757049e-02 1.119557636482138588e-04 2.000000000000000000e+00
-2.751751751751752018e-02 1.180681965832924997e-04 2.000000000000000000e+00
-2.746746746746746987e-02 1.241436766309072354e-04 2.000000000000000000e+00
-2.741741741741741956e-02 1.301241110299392197e-04 2.000000000000000000e+00
-2.736736736736736925e-02 1.359471228059475989e-04 2.000000000000000000e+00
-2.731731731731731894e-02 1.415470496800149086e-04 2.000000000000000000e+00
-2.726726726726726863e-02 1.468561802092253953e-04 2.000000000000000000e+00
-2.721721721721721832e-02 1.518062043367112508e-04 2.000000000000000000e+00
-2.716716716716716801e-02 1.563298396996869535e-04 2.000000000000000000e+00
-2.711711711711711770e-02 1.603625795524337610e-04 2.000000000000000000e+00
-2.706706706706706739e-02 1.638444944316033919e-04 2.000000000000000000e+00
-2.701701701701701708e-02 1.667220092027069903e-04 1.000000000000000000e+00
-2.696696696696696677e-02 1.689495712210452891e-04 1.000000000000000000e+00
-2.691691691691691646e-02 1.704911250616025038e-04 1.000000000000000000e+00
-2.686686686686686615e-02 1.713213151709231817e-04 1.000000000000000000e+00
-2.681681681681681584e-02 1.714263498274148879e-04 1.000000000000000000e+00
-2.676676676676676553e-02 1.708044772726922738e-04 1.000000000000000000e+00
-2.671671671671671522e-02 1.694660464959681610e-04 1.000000000000000000e+00
-2.666666666666666491e-02 1.674331491363436361e-04 1.000000000000000000e+00
-2.661661661661661460e-02 1.647388632571832599e-04 1.000000000000000000e+00
-2.656656656656656429e-02 1.614261422472220808e-04 1.000000000000000000e+00
-2.651651651651651398e-02 1.575464109317603254e-04 1.000000000000000000e+00
-2.646646646646647061e-02 1.531579446806725388e-04 1.000000000000000000e+00
-2.641641641641642030e-02 1.483241150017121444e-04 1.000000000000000000e+00
-2.636636636636636999e-02 1.431115865771527009e-04 1.000000000000000000e+00
-2.631631631631631968e-02 1.375885463339722415e-04 1.000000000000000000e+00
-2.626626626626626937e-02 1.318230358407561592e-04 1.000000000000000000e+00
-2.621621621621621906e-02 1.258814453828752979e-04 1.000000000000000000e+00
-2.616616616616616875e-02 1.198272129305685119e-04 1.000000000000000000e+00
-2.611611611611611844e-02 1.137197553479451888e-04 1.000000000000000000e+00
-2.606606606606606813e-02 1.076136438869571812e-04 1.000000000000000000e+00
-2.601601601601601782e-02 1.015580223196172838e-04 1.000000000000000000e+00
-2.596596596596596751e-02 9.559625469252555792e-05 1.000000000000000000e+00
-2.591591591591591720e-02 8.976578103442072376e-05 1.000000000000000000e+00
-2.586586586586586689e-02 8.409815349041812281e-05 1.000000000000000000e+00
-2.581581581581581658e-02 7.861922214096991250e-05 1.000000000000000000e+00
-2.576576576576576627e-02 7.334943885133979476e-05 1.000000000000000000e+00
-2.571571571571571596e-02 6.830424845506487339e-05 1.000000000000000000e+00
-2.566566566566566565e-02 6.349453892337340161e-05 1.000000000000000000e+00
-2.561561561561561534e-02 5.892712545028298788e-05 1.000000000000000000e+00
-2.556556556556556503e-02 5.460524717281395785e-05 1.000000000000000000e+00
-2.551551551551551472e-02 5.052905920354408223e-05 1.000000000000000000e+00
-2.546546546546546441e-02 4.669610651043933156e-05 1.000000000000000000e+00
-2.541541541541541410e-02 4.310176974776550014e-05 1.000000000000000000e+00
-2.536536536536536379e-02 3.973967630294435855e-05 1.000000000000000000e+00
-2.531531531531531348e-02 3.660207251490578889e-05 1.000000000000000000e+00
-2.526526526526526317e-02 3.368015522730986346e-05 1.000000000000000000e+00
-2.521521521521521286e-02 3.096436258011488196e-05 1.000000000000000000e+00
-2.516516516516516949e-02 2.844462525755575016e-05 1.000000000000000000e+00
-2.511511511511511918e-02 2.611058035095884428e-05 1.000000000000000000e+00
-2.506506506506506887e-02 2.395175061933434304e-05 1.000000000000000000e+00
-2.501501501501501856e-02 2.195769229720519560e-05 1.000000000000000000e+00
-2.496496496496496825e-02 2.011811476197223310e-05 1.000000000000000000e+00
-2.491491491491491794e-02 1.842297538126713894e-05 1.000000000000000000e+00
-2.486486486486486763e-02 1.686255275573223707e-05 1.000000000000000000e+00
-2.481481481481481732e-02 1.542750139037630990e-05 1.000000000000000000e+00
-2.476476476476476701e-02 1.410889059528668381e-05 1.000000000000000000e+00
-2.471471471471471670e-02 1.289823015751294922e-05 1.000000000000000000e+00
-2.466466466466466639e-02 1.178748505612498502e-05 1.000000000000000000e+00
-2.461461461461461608e-02 1.076908122498607385e-05 1.000000000000000000e+00
-2.456456456456456577e-02 9.835904110824895751e-06 1.000000000000000000e+00
-2.451451451451451546e-02 8.981291533742622986e-06 1.000000000000000000e+00
-2.446446446446446515e-02 8.199022136488025251e-06 1.000000000000000000e+00
-2.441441441441441484e-02 7.483300509641425057e-06 1.000000000000000000e+00
-2.436436436436436453e-02 6.828739902246897878e-06 1.000000000000000000e+00
-2.431431431431431422e-02 6.230343271430740219e-06 1.000000000000000000e+00
-2.426426426426426392e-02 5.683483288443798920e-06 1.000000000000000000e+00
-2.421421421421421361e-02 5.183881801430883950e-06 1.000000000000000000e+00
-2.416416416416416330e-02 4.727589154952699988e-06 1.000000000000000000e+00
-2.411411411411411299e-02 4.310963681383871695e-06 1.000000000000000000e+00
-2.406406406406406268e-02 3.930651607869058995e-06 1.000000000000000000e+00
-2.401401401401401237e-02 3.583567563020763796e-06 1.000000000000000000e+00
-2.396396396396396206e-02 3.266875818218840026e-06 1.000000000000000000e+00
-2.391391391391391175e-02 2.977972358010759020e-06 1.000000000000000000e+00
-2.386386386386386144e-02 2.714467841257467665e-06 1.000000000000000000e+00
-2.381381381381381807e-02 2.474171488292693377e-06 1.000000000000000000e+00
-2.376376376376376776e-02 2.255075908314496213e-06 1.000000000000000000e+00
-2.371371371371371745e-02 2.055342864808214373e-06 1.000000000000000000e+00
-2.366366366366366714e-02 1.873289964054389828e-06 1.000000000000000000e+00
-2.361361361361361683e-02 1.707378242198806476e-06 1.000000000000000000e+00
-2.356356356356356652e-02 1.556200619312543134e-06 1.000000000000000000e+00
-2.351351351351351621e-02 1.418471183897844573e-06 1.000000000000000000e+00
-2.346346346346346590e-02 1.293015268004097159e-06 1.000000000000000000e+00
-2.341341341341341559e-02 1.178760271177607806e-06 1.000000000000000000e+00
-2.336336336336336528e-02 1.074727190579066041e-06 1.000000000000000000e+00
-2.331331331331331497e-02 9.800228145483292142e-07 1.000000000000000000e+00
-2.326326326326326466e-02 8.938325374907454741e-07 1.000000000000000000e+00
-2.321321321321321435e-02 8.154137550365012799e-07 1.000000000000000000e+00
-2.316316316316316404e-02 7.440897998536252458e-07 1.000000000000000000e+00
-2.311311311311311373e-02 6.792443801734590526e-07 1.000000000000000000e+00
-2.306306306306306342e-02 6.203164849687795234e-07 1.000000000000000000e+00
-2.301301301301301311e-02 5.667957216721670806e-07 1.000000000000000000e+00
-2.296296296296296280e-02 5.182180543463550802e-07 1.000000000000000000e+00
-2.291291291291291249e-02 4.741619122552410498e-07 1.000000000000000000e+00
-2.286286286286286218e-02 4.342446408013122258e-07 1.000000000000000000e+00
-2.281281281281281187e-02 3.981192687616184219e-07 1.000000000000000000e+00
-2.276276276276276156e-02 3.654715676919322375e-07 1.000000000000000000e+00
-2.271271271271271125e-02 3.360173812028083704e-07 1.000000000000000000e+00
-2.266266266266266094e-02 3.095002035979333760e-07 1.000000000000000000e+00
-2.261261261261261063e-02 2.856889890511726993e-07 1.000000000000000000e+00
-2.256256256256256032e-02 2.643761741194614839e-07 1.000000000000000000e+00
-2.251251251251251695e-02 2.453758979087421925e-07 1.000000000000000000e+00
-2.246246246246246664e-02 2.285224056665313113e-07 1.000000000000000000e+00
-2.241241241241241633e-02 2.136686229463002433e-07 1.000000000000000000e+00
-2.236236236236236602e-02 2.006848887800597635e-07 1.000000000000000000e+00
-2.231231231231231571e-02 1.894578375371038491e-07 1.000000000000000000e+00
-2.226226226226226540e-02 1.798894202994072129e-07 1.000000000000000000e+00
-2.221221221221221509e-02 1.718960577054942326e-07 1.000000000000000000e+00
-2.216216216216216478e-02 1.654079172602877566e-07 1.000000000000000000e+00
-2.211211211211211447e-02 1.603683091187636075e-07 1.000000000000000000e+00
-2.206206206206206416e-02 1.567331953262207609e-07 1.000000000000000000e+00
-2.201201201201201385e-02 1.544708084213351245e-07 1.000000000000000000e+00
-2.196196196196196354e-02 1.535613762233900061e-07 1.000000000000000000e+00
-2.191191191191191323e-02 1.539969505010292029e-07 1.000000000000000000e+00
-2.186186186186186292e-02 1.557813380910164090e-07 1.000000000000000000e+00
-2.181181181181181261e-02 1.589301338899115157e-07 1.000000000000000000e+00
-2.176176176176176230e-02 1.634708559946111257e-07 1.000000000000000000e+00
-2.171171171171171199e-02 1.694431841229966978e-07 1.000000000000000000e+00
-2.166166166166166168e-02 1.768993033071505202e-07 1.000000000000000000e+00
-2.161161161161161137e-02 1.859043557295724125e-07 1.000000000000000000e+00
-2.156156156156156106e-02 1.965370044691570138e-07 1.000000000000000000e+00
-2.151151151151151075e-02 2.088901138441808808e-07 1.000000000000000000e+00
-2.146146146146146044e-02 2.230715520029958663e-07 1.000000000000000000e+00
-2.141141141141141013e-02 2.392051223950048907e-07 1.000000000000000000e+00
-2.136136136136135982e-02 2.574316318053030585e-07 1.000000000000000000e+00
-2.131131131131130951e-02 2.779101037120156653e-07 1.000000000000000000e+00
-2.126126126126125920e-02 3.008191468867452818e-07 1.000000000000000000e+00
-2.121121121121121583e-02 3.263584903475861577e-07 1.000000000000000000e+00
-2.116116116116116552e-02 3.547506970594073546e-07 1.000000000000000000e+00
-2.111111111111111521e-02 3.862430701197944028e-07 1.000000000000000000e+00
-2.106106106106106490e-02 4.211097665861734695e-07 1.000000000000000000e+00
-2.101101101101101459e-02 4.596541356078158423e-07 1.000000000000000000e+00
-2.096096096096096428e-02 5.022112990993450490e-07 1.000000000000000000e+00
-2.091091091091091397e-02 5.491509948735907883e-07 1.000000000000000000e+00
-2.086086086086086366e-02 6.008807038776757674e-07 1.000000000000000000e+00
-2.081081081081081335e-02 6.578490850201169736e-07 1.000000000000000000e+00
-2.076076076076076304e-02 7.205497429638866950e-07 1.000000000000000000e+00
-2.071071071071071273e-02 7.895253562176375901e-07 1.000000000000000000e+00
-2.066066066066066242e-02 8.653721948728577548e-07 1.000000000000000000e+00
-2.061061061061061211e-02 9.487450593430908991e-07 1.000000000000000000e+00
-2.056056056056056180e-02 1.040362673526427630e-06 1.000000000000000000e+00
-2.051051051051051149e-02 1.141013567759376201e-06 1.000000000000000000e+00
-2.046046046046046119e-02 1.251562488864213413e-06 1.000000000000000000e+00
-2.041041041041041088e-02 1.372957376345209751e-06 1.000000000000000000e+00
-2.036036036036036057e-02 1.506236945302697337e-06 1.000000000000000000e+00
-2.031031031031031026e-02 1.652538917876844578e-06 1.000000000000000000e+00
-2.026026026026025995e-02 1.813108945780029675e-06 1.000000000000000000e+00
-2.021021021021020964e-02 1.989310266697695880e-06 1.000000000000000000e+00
-2.016016016016015933e-02 2.182634136750709021e-06 1.000000000000000000e+00
-2.011011011011010902e-02 2.394711079678177966e-06 1.000000000000000000e+00
-2.006006006006005871e-02 2.627322990626209755e-06 1.000000000000000000e+00
-2.001001001001000840e-02 2.882416128042089261e-06 1.000000000000000000e+00
-1.995995995995995809e-02 3.162115021011154934e-06 1.000000000000000000e+00
-1.990990990990991472e-02 3.468737310607685954e-06 1.000000000000000000e+00
-1.985985985985986441e-02 3.804809532388443206e-06 1.000000000000000000e+00
-1.980980980980981410e-02 4.173083832045290554e-06 1.000000000000000000e+00
-1.975975975975976379e-02 4.576555586934320516e-06 1.000000000000000000e+00
-1.970970970970971348e-02 5.018481881813104325e-06 1.000000000000000000e+00
-1.965965965965966317e-02 5.502400756620926634e-06 1.000000000000000000e+00
-1.960960960960961286e-02 6.032151106650180705e-06 1.000000000000000000e+00
-1.955955955955956255e-02 6.611893069308940356e-06 1.000000000000000000e+00
-1.950950950950951224e-02 7.246128676118497590e-06 1.000000000000000000e+00
-1.945945945945946193e-02 7.939722481314686399e-06 1.000000000000000000e+00
-1.940940940940941162e-02 8.697921798647129636e-06 1.000000000000000000e+00
-1.935935935935936131e-02 9.526376083233835013e-06 1.000000000000000000e+00
-1.930930930930931100e-02 1.043115488424951007e-05 1.000000000000000000e+00
-1.925925925925926069e-02 1.141876366518578361e-05 1.000000000000000000e+00
-1.920920920920921038e-02 1.249615663930178157e-05 1.000000000000000000e+00
-1.915915915915916007e-02 1.367074559831438968e-05 1.000000000000000000e+00
-1.910910910910910976e-02 1.495040352041565357e-05 1.000000000000000000e+00
-1.905905905905905945e-02 1.634346153076632541e-05 1.000000000000000000e+00
-1.900900900900900914e-02 1.785869755352112063e-05 1.000000000000000000e+00
-1.895895895895895883e-02 1.950531474295221808e-05 1.000000000000000000e+00
-1.890890890890890852e-02 2.129290751645655715e-05 1.000000000000000000e+00
-1.885885885885885821e-02 2.323141274245477865e-05 1.000000000000000000e+00
-1.880880880880880790e-02 2.533104337100583109e-05 1.000000000000000000e+00
-1.875875875875875759e-02 2.760220155189706379e-05 1.000000000000000000e+00
-1.870870870870870728e-02 3.005536808132808126e-05 1.000000000000000000e+00
-1.865865865865865697e-02 3.270096488297313017e-05 1.000000000000000000e+00
-1.860860860860860666e-02 3.554918719277527930e-05 1.000000000000000000e+00
-1.855855855855856329e-02 3.860980222026579137e-05 1.000000000000000000e+00
-1.850850850850851298e-02 4.189191134762762866e-05 1.000000000000000000e+00
-1.845845845845846267e-02 4.540367345552174887e-05 1.000000000000000000e+00
-1.840840840840841236e-02 4.915198778650357045e-05 1.000000000000000000e+00
-1.835835835835836205e-02 5.314213593371162756e-05 1.000000000000000000e+00
-1.830830830830831174e-02 5.737738412728561979e-05 1.000000000000000000e+00
-1.825825825825826143e-02 6.185854903084113854e-05 1.000000000000000000e+00
-1.820820820820821112e-02 6.658353278029283400e-05 1.000000000000000000e+00
-1.815815815815816081e-02 7.154683599796486031e-05 1.000000000000000000e+00
-1.810810810810811050e-02 7.673906094944313620e-05 1.000000000000000000e+00
-1.805805805805806019e-02 8.214642078560454393e-05 1.000000000000000000e+00
-1.800800800800800988e-02 8.775027476013337873e-05 1.000000000000000000e+00
-1.795795795795795957e-02 9.352671319782917549e-05 1.000000000000000000e+00
-1.790790790790790926e-02 9.944621949098846395e-05 1.000000000000000000e+00
-1.785785785785785895e-02 1.054734391273656936e-04 1.000000000000000000e+00
-1.780780780780780864e-02 1.115670872563215776e-04 1.000000000000000000e+00
-1.775775775775775833e-02 1.176800260974055526e-04 1.000000000000000000e+00
-1.770770770770770802e-02 1.237595411375041424e-04 1.000000000000000000e+00
-1.765765765765765771e-02 1.297478401630583901e-04 1.000000000000000000e+00
-1.760760760760760740e-02 1.355827915099052836e-04 1.000000000000000000e+00
-1.755755755755755709e-02 1.411989074725952364e-04 1.000000000000000000e+00
-1.750750750750750678e-02 1.465285658765369981e-04 1.000000000000000000e+00
-1.745745745745745647e-02 1.515034479779956713e-04 1.000000000000000000e+00
-1.740740740740740616e-02 1.560561550516759643e-04 1.000000000000000000e+00
-1.735735735735735585e-02 1.601219504701455621e-04 1.000000000000000000e+00
-1.730730730730730554e-02 1.636405601954080179e-04 1.000000000000000000e+00
-1.725725725725726217e-02 1.665579538637902658e-04 1.000000000000000000e+00
-1.720720720720721186e-02 1.688280224151344090e-04 1.000000000000000000e+00
-1.715715715715716155e-02 1.704140675569840667e-04 1.000000000000000000e+00
-1.710710710710711124e-02 1.712900238559337163e-04 1.000000000000000000e+00
-1.705705705705706093e-02 1.714413459043102276e-04 1.000000000000000000e+00
-1.700700700700701062e-02 1.708655101742468947e-04 1.000000000000000000e+00
-1.695695695695696031e-02 1.695721025750258069e-04 1.000000000000000000e+00
-1.690690690690691000e-02 1.675824866226482057e-04 1.000000000000000000e+00
-1.685685685685685969e-02 1.649290714627544077e-04 0.000000000000000000e+00
-1.680680680680680938e-02 1.616542216622074500e-04 0.000000000000000000e+00
-1.675675675675675907e-02 1.578088697956376999e-04 0.000000000000000000e+00
-1.670670670670670876e-02 1.534509069151002451e-04 0.000000000000000000e+00
-1.665665665665665846e-02 1.486434340873543929e-04 0.000000000000000000e+00
-1.660660660660660815e-02 1.434529600456551377e-04 0.000000000000000000e+00
-1.655655655655655784e-02 1.379476259809212044e-04 0.000000000000000000e+00
-1.650650650650650753e-02 1.321955294807679771e-04 0.000000000000000000e+00
-1.645645645645645722e-02 1.262632068724562251e-04 0.000000000000000000e+00
-1.640640640640640691e-02 1.202143181820211339e-04 0.000000000000000000e+00
-1.635635635635635660e-02 1.141085630630782582e-04 0.000000000000000000e+00
-1.630630630630630629e-02 1.080008406740491959e-04 0.000000000000000000e+00
-1.625625625625625598e-02 1.019406526636946309e-04 0.000000000000000000e+00
-1.620620620620620567e-02 9.597173689387374031e-05 0.000000000000000000e+00
-1.615615615615615536e-02 9.013191069627923368e-05 0.000000000000000000e+00
-1.610610610610610505e-02 8.445309642884747735e-05 0.000000000000000000e+00
-1.605605605605605474e-02 7.896149872002878039e-05 0.000000000000000000e+00
-1.600600600600600443e-02 7.367790174568153590e-05 0.000000000000000000e+00
-1.595595595595596106e-02 6.861805573350475179e-05 0.000000000000000000e+00
-1.590590590590591075e-02 6.379312416610609826e-05 0.000000000000000000e+00
-1.585585585585586044e-02 5.921016638407485677e-05 0.000000000000000000e+00
-1.580580580580581013e-02 5.487263405989761648e-05 0.000000000000000000e+00
-1.575575575575575982e-02 5.078086396846582580e-05 0.000000000000000000e+00
-1.570570570570570951e-02 4.693255335060717416e-05 0.000000000000000000e+00
-1.565565565565565920e-02 4.332320775851756855e-05 0.000000000000000000e+00
-1.560560560560560889e-02 3.994655445961767736e-05 0.000000000000000000e+00
-1.555555555555555858e-02 3.679491719860635847e-05 0.000000000000000000e+00
-1.550550550550550827e-02 3.385955035419688296e-05 0.000000000000000000e+00
-1.545545545545545796e-02 3.113093229695321510e-05 0.000000000000000000e+00
-1.540540540540540765e-02 2.859901909446129427e-05 0.000000000000000000e+00
-1.535535535535535734e-02 2.625346067231126929e-05 0.000000000000000000e+00
-1.530530530530530703e-02 2.408378218229678645e-05 0.000000000000000000e+00
-1.525525525525525672e-02 2.207953371101537799e-05 0.000000000000000000e+00
-1.520520520520520641e-02 2.023041163538752377e-05 0.000000000000000000e+00
-1.515515515515515610e-02 1.852635494914157323e-05 0.000000000000000000e+00
-1.510510510510510579e-02 1.695761978486126124e-05 0.000000000000000000e+00
-1.505505505505505548e-02 1.551483517802488711e-05 0.000000000000000000e+00
-1.500500500500500517e-02 1.418904288974063720e-05 0.000000000000000000e+00
-1.495495495495495486e-02 1.297172384675986154e-05 0.000000000000000000e+00
-1.490490490490490455e-02 1.185481348797127224e-05 0.000000000000000000e+00
-1.485485485485485424e-02 1.083070803875193662e-05 0.000000000000000000e+00
-1.480480480480480393e-02 9.892263476503162343e-06 0.000000000000000000e+00
-1.475475475475475362e-02 9.032788709314669944e-06 0.000000000000000000e+00
-1.470470470470470331e-02 8.246034267375453510e-06 0.000000000000000000e+00
-1.465465465465465994e-02 7.526177606304961841e-06 0.000000000000000000e+00
-1.460460460460460963e-02 6.867805942575353353e-06 0.000000000000000000e+00
-1.455455455455455932e-02 6.265897383744680816e-06 0.000000000000000000e+00
-1.450450450450450901e-02 5.715800979057588745e-06 0.000000000000000000e+00
-1.445445445445445870e-02 5.213216197528323785e-06 0.000000000000000000e+00
-1.440440440440440839e-02 4.754172239421375951e-06 0.000000000000000000e+00
-1.435435435435435808e-02 4.335007501120075389e-06 0.000000000000000000e+00
-1.430430430430430777e-02 3.952349441233384187e-06 0.000000000000000000e+00
-1.425425425425425746e-02 3.603095035457443696e-06 0.000000000000000000e+00
-1.420420420420420715e-02 3.284391957852164057e-06 0.000000000000000000e+00
-1.415415415415415684e-02 2.993620585273166901e-06 0.000000000000000000e+00
-1.410410410410410653e-02 2.728376888388556053e-06 0.000000000000000000e+00
-1.405405405405405622e-02 2.486456245944709639e-06 0.000000000000000000e+00
-1.400400400400400591e-02 2.265838197584482740e-06 0.000000000000000000e+00
-1.395395395395395560e-02 2.064672133804126844e-06 0.000000000000000000e+00
-1.390390390390390529e-02 1.881263908681586277e-06 0.000000000000000000e+00
-1.385385385385385498e-02 1.714063351217152106e-06 0.000000000000000000e+00
-1.380380380380380467e-02 1.561652643930589429e-06 0.000000000000000000e+00
-1.375375375375375436e-02 1.422735532245903073e-06 0.000000000000000000e+00
-1.370370370370370405e-02 1.296127324785697790e-06 0.000000000000000000e+00
-1.365365365365365374e-02 1.180745642660811856e-06 0.000000000000000000e+00
-1.360360360360360343e-02 1.075601874878121536e-06 0.000000000000000000e+00
-1.355355355355355312e-02 9.797932968513690736e-07 0.000000000000000000e+00
-1.350350350350350281e-02 8.924958095318683678e-07 0.000000000000000000e+00
-1.345345345345345250e-02 8.129572577159016037e-07 0.000000000000000000e+00
-1.340340340340340219e-02 7.404912874325048617e-07 0.000000000000000000e+00
-1.335335335335335188e-02 6.744717039799057491e-07 0.000000000000000000e+00
-1.330330330330330851e-02 6.143272939798958850e-07 0.000000000000000000e+00
-1.325325325325325820e-02 5.595370767422014239e-07 0.000000000000000000e+00
-1.320320320320320789e-02 5.096259521960398181e-07 0.000000000000000000e+00
-1.315315315315315758e-02 4.641607146356785776e-07 0.000000000000000000e+00
-1.310310310310310727e-02 4.227464034825329898e-07 0.000000000000000000e+00
-1.305305305305305696e-02 3.850229641908782869e-07 0.000000000000000000e+00
-1.300300300300300665e-02 3.506621942758353885e-07 0.000000000000000000e+00
-1.295295295295295634e-02 3.193649512238653376e-07 0.000000000000000000e+00
-1.290290290290290603e-02 2.908586007513079562e-07 0.000000000000000000e+00
-1.285285285285285573e-02 2.648946854769874793e-07 0.000000000000000000e+00
-1.280280280280280542e-02 2.412467955998209689e-07 0.000000000000000000e+00
-1.275275275275275511e-02 2.197086246050184932e-07 0.000000000000000000e+00
-1.270270270270270480e-02 2.000921943449637018e-07 0.000000000000000000e+00
-1.265265265265265449e-02 1.822262351029580050e-07 0.000000000000000000e+00
-1.260260260260260418e-02 1.659547074032670413e-07 0.000000000000000000e+00
-1.255255255255255387e-02 1.511354534078412937e-07 0.000000000000000000e+00
-1.250250250250250356e-02 1.376389667458217893e-07 0.000000000000000000e+00
-1.245245245245245325e-02 1.253472705425290140e-07 0.000000000000000000e+00
-1.240240240240240294e-02 1.141528942713431690e-07 0.000000000000000000e+00
-1.235235235235235263e-02 1.039579408408218839e-07 0.000000000000000000e+00
-1.230230230230230232e-02 9.467323605457891131e-08 0.000000000000000000e+00
-1.225225225225225201e-02 8.621755325023673798e-08 0.000000000000000000e+00
-1.220220220220220170e-02 7.851690653846730569e-08 0.000000000000000000e+00
-1.215215215215215139e-02 7.150390662908228357e-08 0.000000000000000000e+00
-1.210210210210210108e-02 6.511717374399720488e-08 0.000000000000000000e+00
-1.205205205205205077e-02 5.930080259849598318e-08 0.000000000000000000e+00
-1.200200200200200740e-02 5.400387486365979827e-08 0.000000000000000000e+00
-1.195195195195195709e-02 4.918001492073515556e-08 0.000000000000000000e+00
-1.190190190190190678e-02 4.478698508536020962e-08 0.000000000000000000e+00
-1.185185185185185647e-02 4.078631681364306751e-08 0.000000000000000000e+00
-1.180180180180180616e-02 3.714297470511859430e-08 0.000000000000000000e+00
-1.175175175175175585e-02 3.382505039802856687e-08 0.000000000000000000e+00
-1.170170170170170554e-02 3.080348370898136656e-08 0.000000000000000000e+00
-1.165165165165165523e-02 2.805180859935517022e-08 0.000000000000000000e+00
-1.160160160160160492e-02 2.554592176542141928e-08 0.000000000000000000e+00
-1.155155155155155461e-02 2.326387184339776405e-08 0.000000000000000000e+00
-1.150150150150150430e-02 2.118566739774539527e-08 0.000000000000000000e+00
-1.145145145145145399e-02 1.929310202244334119e-08 0.000000000000000000e+00
-1.140140140140140368e-02 1.756959503427552680e-08 0.000000000000000000e+00
-1.135135135135135337e-02 1.600004636969506622e-08 0.000000000000000000e+00
-1.130130130130130306e-02 1.457070442248053763e-08 0.000000000000000000e+00
-1.125125125125125275e-02 1.326904566857085167e-08 0.000000000000000000e+00
-1.120120120120120244e-02 1.208366502970843320e-08 0.000000000000000000e+00
-1.115115115115115213e-02 1.100417601809311376e-08 0.000000000000000000e+00
-1.110110110110110182e-02 1.002111979116014679e-08 0.000000000000000000e+00
-1.105105105105105151e-02 9.125882322006852994e-09 0.000000000000000000e+00
-1.100100100100100120e-02 8.310618962225248931e-09 0.000000000000000000e+00
-1.095095095095095089e-02 7.568185737744792301e-09 0.000000000000000000e+00
-1.090090090090090058e-02 6.892076777481088389e-09 0.000000000000000000e+00
-1.085085085085085027e-02 6.276367327573614779e-09 0.000000000000000000e+00
-1.080080080080079996e-02 5.715661853084088588e-09 0.000000000000000000e+00
-1.075075075075074965e-02 5.205046773257165746e-09 0.000000000000000000e+00
-1.070070070070070628e-02 4.740047416721746405e-09 0.000000000000000000e+00
-1.065065065065065597e-02 4.316588820351521979e-09 0.000000000000000000e+00
-1.060060060060060566e-02 3.930960028391285671e-09 0.000000000000000000e+00
-1.055055055055055535e-02 3.579781579817685904e-09 0.000000000000000000e+00
-1.050050050050050504e-02 3.259975898899575660e-09 0.000000000000000000e+00
-1.045045045045045473e-02 2.968740330382139089e-09 0.000000000000000000e+00
-1.040040040040040442e-02 2.703522582432400384e-09 0.000000000000000000e+00
-1.035035035035035411e-02 2.461998363084519397e-09 0.000000000000000000e+00
-1.030030030030030380e-02 2.242051013950828720e-09 0.000000000000000000e+00
-1.025025025025025349e-02 2.041752962970084074e-09 0.000000000000000000e+00
-1.020020020020020318e-02 1.859348833685483320e-09 0.000000000000000000e+00
-1.015015015015015287e-02 1.693240063286810121e-09 0.000000000000000000e+00
-1.010010010010010256e-02 1.541970894441831093e-09 0.000000000000000000e+00
-1.005005005005005225e-02 1.404215618571526152e-09 0.000000000000000000e+00
-1.000000000000000021e-02 1.278766958384794634e-09 0.000000000000000000e+00
